File: C:\MED-PC IV\DATA\!2025-04-05


Start Date: 04/05/25
End Date: 04/05/25
Subject: IM1
Experiment: DD5
Group: M_LO
Box: 5
Start Time: 13:10:40
End Time: 14:26:45
MSN: DRL20_60MIN_WEP
A:     131.000
B:       6.000
D:      79.000
E:       0.000
F:       0.000
G:       0.000
H:       0.000
I:       0.000
J:  360000.000
K:       0.000
L:       0.000
M:       0.000
N:     165.000
O:       0.000
P:       0.000
Q:       0.000
R:      79.000
S:       0.000
T:       0.000
U:       0.000
V:       0.000
W:       0.000
X:       0.000
Y:       0.000
Z:     381.000
C:
     0:        0.000      131.000        6.000        0.000      165.000
     5:       79.000        0.000        0.000        0.000        0.000
    10:        0.000      632.300     1311.100     5402.100     5402.500
    15:     5631.100    18024.100    18024.500    18083.300    18416.300
    20:    19348.100    22278.300    22314.300    22516.300    22538.300
    25:    22880.300    25869.100    25869.500    25880.100    25919.300
    30:    29624.100    29624.500    29685.300    29800.300    29819.300
    35:    32236.100    32236.500    32269.300    33844.100    35874.100
    40:    35874.500    35914.300    36111.300    37864.100    37925.300
    45:    40582.100    40582.500    40637.300    40930.300    42366.100
    50:    42424.300    44037.100    45803.100    45849.300    47412.100
    55:    48806.100    48847.300    52612.100    52612.500    52658.300
    60:    52784.300    52789.300    52812.300    52869.300    54500.100
    65:    54756.300    54764.300    57750.100    57750.500    57803.300
    70:    57808.300    60391.100    60391.500    60446.300    60755.300
    75:    60815.300    62409.100    62409.500    62463.300    62623.300
    80:    63981.100    65269.100    66419.100    67630.300    67695.100
    85:    69758.100    69758.500    69808.300    70040.300    72215.100
    90:    72215.500    72295.300    73757.100    74166.300    74513.300
    95:    74910.300    75512.100    75583.300    76939.100    77795.300
   100:    78572.100    80443.100    82179.100    83670.100    85400.100
   105:    87330.100    89165.300    89719.100    89719.500    89765.300
   110:    90904.100    91047.300    91650.300    91761.300    91842.300
   115:    91852.300    92063.100    93774.100    95094.200    95207.300
   120:    95234.300    95380.100    96392.200    96732.100    98291.100
   125:   102742.100   102742.500   102793.300   102872.300   102932.300
   130:   102976.300   103155.300   106631.100   106631.500   106689.300
   135:   108544.100   109825.100   114114.100   114114.500   114167.300
   140:   114362.300   118713.100   118713.500   118789.300   118885.300
   145:   119081.300   121937.100   121937.500   122009.300   124446.100
   150:   124446.500   124506.300   128702.100   128702.500   128748.300
   155:   128872.300   130371.100   133015.100   133015.500   133102.300
   160:   133184.300   134905.100   137761.100   137761.500   137834.300
   165:   141079.100   141079.500   141133.300   143206.100   143206.500
   170:   143261.300   145663.100   145663.500   145716.300   148019.100
   175:   148019.500   148097.300   151623.100   151623.500   151670.300
   180:   152153.300   153963.100   153963.500   154029.300   155274.100
   185:   157337.100   157337.500   157411.300   157502.300   160987.100
   190:   160987.500   161050.300   161147.300   168656.100   168656.500
   195:   168714.300   169804.300   173066.100   173066.500   173124.300
   200:   175157.100   175157.500   175215.300   177528.100   177528.500
   205:   177578.300   179755.100   179755.500   179820.300   181705.100
   210:   183855.100   183855.500   183900.300   187212.100   187212.500
   215:   187260.300   188685.100   191446.100   191446.500   191496.300
   220:   194386.100   194386.500   194436.300   194534.300   195962.300
   225:   195967.300   197308.100   197308.500   197365.300   197515.300
   230:   199024.100   199212.100   199429.200   200335.100   203667.100
   235:   203667.500   203718.300   203844.300   206044.100   206044.500
   240:   206117.300   206251.300   207458.100   209510.100   209510.500
   245:   209586.300   210156.300   212700.100   212700.500   212753.300
   250:   212804.300   215693.100   215693.500   215777.300   218920.100
   255:   218920.500   218978.300   221970.100   221970.500   222023.300
   260:   222155.300   222168.300   226638.100   226638.500   226694.300
   265:   226700.300   228953.100   228953.500   229025.300   229028.300
   270:   229157.300   229162.300   233108.100   233108.500   233161.300
   275:   235262.100   235262.500   235321.300   235483.300   240506.100
   280:   240506.500   240559.300   242914.100   242914.500   242967.300
   285:   243043.300   245533.100   245533.500   245582.300   248273.100
   290:   248273.500   248321.300   252369.100   252369.500   252424.300
   295:   253854.100   253949.100   256949.100   256949.500   257005.300
   300:   257101.300   257110.300   257113.300   257995.100   261581.100
   305:   261581.500   261672.300   261811.300   263685.200   269619.100
   310:   269619.500   269703.300   269785.300   269793.300   274086.100
   315:   274086.500   274136.300   274312.300   276976.100   276976.500
   320:   277049.300   278717.100   281855.100   281855.500   281917.300
   325:   282365.300   283837.100   285276.200   285474.100   286306.100
   330:   288389.100   288389.500   288442.300   290718.100   290718.500
   335:   290775.300   292984.100   292984.500   293027.300   297950.100
   340:   297950.500   297997.300   298002.300   300479.100   300479.500
   345:   300545.300   300670.300   300707.300   300753.300   302965.100
   350:   302965.500   303044.300   303230.300   303430.100   303733.100
   355:   305763.100   305763.500   305822.300   308659.100   308659.500
   360:   308721.300   308928.300   308959.300   319465.300   319541.100
   365:   319541.500   319631.300   319739.300   320472.200   322158.100
   370:   322158.500   322229.300   324167.100   324167.500   324234.300
   375:   324392.100   334120.100   334120.500   334189.300   334253.300
   380:   338436.100   338436.500   338491.300   353222.100   353222.500
   385:   353288.300   355978.100   355978.500   356044.300   359190.100
   390:   359190.500   359245.300


Start Date: 04/05/25
End Date: 04/05/25
Subject: IM2
Experiment: DD5
Group: S_LO
Box: 6
Start Time: 13:10:48
End Time: 14:26:45
MSN: DRL20_60MIN_WEP
A:     177.000
B:      16.000
D:      70.000
E:       0.000
F:       0.000
G:       0.000
H:       0.000
I:       0.000
J:  360000.000
K:       0.000
L:       0.000
M:       0.000
N:     201.000
O:       0.000
P:       0.000
Q:       0.000
R:      70.000
S:       0.000
T:       0.000
U:       0.000
V:       0.000
W:       0.000
X:       0.000
Y:       0.000
Z:     464.000
C:
     0:        0.000      177.000       16.000        0.000      201.000
     5:       70.000        0.000        0.000        0.000        0.000
    10:        0.000      126.100      711.100      742.100     1909.100
    15:     2689.100     3511.200     3723.100     4716.100     5034.100
    20:     5703.100     6403.200     6480.200     6910.100     6996.200
    25:     7749.100     8801.100     8842.100     8992.200    11480.100
    30:    11480.500    11909.300    11938.300    12029.100    12074.100
    35:    12919.100    13694.100    15714.100    15714.500    16068.300
    40:    16612.300    16697.300    16772.100    16809.100    18308.100
    45:    20403.100    20403.500    20640.300    20654.300    20804.300
    50:    20901.100    22483.100    24797.100    24797.500    25232.300
    55:    25468.100    27112.100    27379.300    30092.100    30092.500
    60:    32567.100    32567.500    32976.300    33028.300    33065.300
    65:    33193.100    33228.100    34221.100    35633.100    38029.300
    70:    38037.300    38056.300    38215.100    38215.500    38402.300
    75:    38691.300    38737.300    38769.300    39415.100    41542.300
    80:    41611.100    41611.500    41795.300    42047.300    42156.100
    85:    44288.100    44288.500    44514.300    44633.300    44641.300
    90:    45691.300    45775.300    45978.300    46068.100    48720.100
    95:    48720.500    48908.300    49081.300    49198.300    49315.100
   100:    51889.100    51889.500    52074.300    52113.300    52218.300
   105:    52326.300    52366.300    52485.100    55049.100    55049.500
   110:    55237.300    55289.300    55351.300    55385.300    55548.300
   115:    57408.100    57408.500    57761.300    57808.300    57998.100
   120:    59998.100    60158.300    61985.100    61985.500    62452.300
   125:    63896.100    66227.100    66227.500    66385.300    66607.300
   130:    66640.300    66709.300    66713.300    66783.300    67037.100
   135:    67864.100    69821.100    70002.300    70526.300    70824.300
   140:    71138.100    73251.100    73251.500    73395.300    75839.300
   145:    76205.100    76205.500    76310.300    76491.300    76568.300
   150:    77364.100    77429.100    77817.200    79084.300    79142.100
   155:    79188.100    79292.300    80643.100    80682.100    81915.300
   160:    82037.100    82370.100    84343.100    84456.300    86289.100
   165:    86410.300    87520.300    87619.300    87649.300    87755.100
   170:    89308.100    90867.300    90981.100    92476.100    92576.300
   175:    94975.100    94975.500    95111.300    95361.300    95555.300
   180:    95687.100    96773.300    96966.300    97214.100    98320.200
   185:    99140.100   100792.300   100848.300   100935.100   103030.100
   190:   103030.500   103157.300   103414.300   105488.100   105488.500
   195:   105631.300   105722.300   105835.300   105871.300   105906.300
   200:   105986.300   107102.100   109467.300   109543.100   109543.500
   205:   109693.300   109951.300   109989.300   110018.300   110073.300
   210:   110140.300   110180.300   110280.300   110324.300   110425.300
   215:   110651.300   110728.300   110804.100   113891.100   113891.500
   220:   114028.300   114993.100   118610.100   118610.500   118749.300
   225:   118933.300   119035.300   119067.300   119085.300   123029.100
   230:   123029.500   123210.300   125796.300   125828.300   125946.300
   235:   125965.300   126067.100   126067.500   126203.300   126269.300
   240:   126277.300   127601.100   127763.300   127808.300   127841.300
   245:   128751.100   131041.300   131124.100   131124.500   131275.300
   250:   131798.300   131981.100   134521.100   134521.500   134707.300
   255:   137030.100   137030.500   137174.300   138953.100   139110.300
   260:   141332.100   141332.500   141468.300   141720.300   141764.300
   265:   141905.300   141971.300   142121.300   142130.300   142249.100
   270:   142318.100   144398.300   144476.100   144476.500   144616.300
   275:   145874.100   147705.300   147770.300   147846.100   147999.300
   280:   149048.100   149253.300   149394.300   151079.100   151079.500
   285:   151129.100   151207.300   151661.100   154649.100   154649.500
   290:   154819.300   155304.100   155385.100   157644.100   157644.500
   295:   157785.300   158055.300   160165.100   160165.500   160294.300
   300:   160378.300   160800.100   161626.100   163551.100   163711.300
   305:   163754.300   166247.100   166247.500   166377.300   167982.100
   310:   169626.300   169656.300   169865.100   172099.100   172099.500
   315:   172232.300   172275.300   172485.300   174804.100   174804.500
   320:   174959.300   175063.300   176005.100   179572.300   179684.300
   325:   179761.100   179761.500   179926.300   183260.100   183260.500
   330:   183391.300   184139.300   184347.100   187306.100   187306.500
   335:   187412.300   189440.100   189440.500   189547.300   190073.300
   340:   190358.100   191307.100   192178.100   194958.300   195071.100
   345:   195071.500   195153.300   195539.300   195744.100   197244.100
   350:   197283.100   197365.300   199441.100   199441.500   199545.300
   355:   199687.300   199911.300   200085.100   200709.100   201676.100
   360:   201734.100   201986.200   203735.100   203735.500   203893.300
   365:   206190.100   206190.500   206212.100   206332.300   207379.100
   370:   208908.100   211147.100   211147.500   211314.300   212216.100
   375:   214341.100   214341.500   214475.300   216970.100   216970.500
   380:   217153.300   221137.100   221137.500   221229.300   225227.100
   385:   225227.500   225363.300   226216.300   228181.100   228181.500
   390:   228299.300   229883.100   229891.100   231765.100   234267.100
   395:   234267.500   234386.300   236641.100   236641.500   236785.300
   400:   239568.100   239568.500   239659.300   239744.300   239857.100
   405:   242324.100   242324.500   242444.300   242520.300   245435.100
   410:   245435.500   245579.300   246873.200   247051.200   247156.300
   415:   247307.100   252039.100   252039.500   252119.300   252168.300
   420:   253863.100   253884.100   253914.100   254628.300   256074.200
   425:   256100.200   256149.200   256427.300   256543.100   256543.500
   430:   256604.100   256662.300   261019.100   261019.500   261155.300
   435:   263416.100   263416.500   263558.300   263600.300   264775.100
   440:   264818.100   267207.100   267207.500   267277.300   267285.300
   445:   267313.300   270818.100   270818.500   274832.100   274832.500
   450:   275012.300   275025.300   277464.100   277464.500   282697.200
   455:   283005.100   283005.500   312568.100   312568.500   312669.300
   460:   312681.300   320965.100   320965.500   325799.200   325832.200
   465:   325955.100   325955.500   326085.300   326131.300   326264.100
   470:   333078.100   333078.500   333205.300   335941.100   335941.500


Start Date: 04/05/25
End Date: 04/05/25
Subject: IM4
Experiment: DD5
Group: VEH
Box: 8
Start Time: 13:11:11
End Time: 14:39:08
MSN: DRL20_60MIN_WEP
A:     186.000
B:       3.000
D:      82.000
E:       0.000
F:       0.000
G:       0.000
H:       0.000
I:       0.000
J:  360000.000
K:       0.000
L:       0.000
M:       0.000
N:     263.000
O:       0.000
P:       0.000
Q:       0.000
R:      82.000
S:       0.000
T:       0.000
U:       0.000
V:       0.000
W:       0.000
X:       0.000
Y:       0.000
Z:     534.000
C:
     0:        0.000      186.000        3.000        0.000      263.000
     5:       82.000        0.000        0.000        0.000        0.000
    10:        0.000      486.100     2000.100     2684.100     2845.300
    15:     2861.300     3917.100     5552.100     6982.100     7061.100
    20:     7988.100     8140.300     8379.300     8387.300     8405.300
    25:     8455.300     8465.300    10234.100    10234.500    10304.300
    30:    10457.300    12130.100    12178.100    14233.100    14233.500
    35:    14292.300    14364.300    14400.300    14444.300    15706.300
    40:    15710.300    15829.100    15902.300    18005.100    18005.500
    45:    18065.300    19589.300    19670.100    20348.100    20640.300
    50:    21202.200    22635.100    22635.500    22693.300    22802.300
    55:    22854.300    22874.300    24904.100    24904.500    24965.300
    60:    25067.300    25101.300    25160.300    26176.100    26886.100
    65:    27040.300    28427.100    30192.100    31772.100    34140.100
    70:    34140.500    34188.300    34423.300    34425.300    36457.100
    75:    36457.500    36514.300    36517.300    36698.300    36716.300
    80:    37521.100    39717.100    39717.500    39773.300    39894.300
    85:    39937.300    40974.100    41041.300    41045.300    42327.100
    90:    43599.100    43715.300    43720.300    46163.100    46163.500
    95:    46210.300    46320.300    46358.300    46365.300    47676.100
   100:    47916.100    48634.100    50636.100    50636.500    50694.300
   105:    50804.300    50817.300    50851.300    52672.100    52672.500
   110:    52730.300    52856.300    52873.300    52912.300    52945.300
   115:    52964.300    52969.300    54017.100    55427.100    56827.100
   120:    57906.100    57959.100    59459.100    61498.100    61498.500
   125:    61554.300    63037.100    63176.300    63253.300    65046.100
   130:    65046.500    65136.300    65202.300    68497.100    68497.500
   135:    68552.300    68727.300    70367.100    70436.300    70550.300
   140:    71552.100    73689.100    73689.500    73739.300    73879.300
   145:    73907.300    73916.300    73943.300    75528.100    75724.300
   150:    78297.100    78297.500    78352.300    80172.100    80246.300
   155:    80316.300    81333.100    83153.100    84864.100    84940.100
   160:    86597.100    88107.100    90022.100    90112.300    90280.300
   165:    93899.100    93899.500    93950.300    95500.100    95610.300
   170:    98171.100    98171.500    98227.300    98424.300   100854.100
   175:   100854.500   100905.300   102523.100   102671.300   102696.300
   180:   105274.100   105274.500   105328.300   105453.300   105519.300
   185:   105552.300   105582.300   105592.300   107760.100   107760.500
   190:   107809.300   107925.300   109446.100   109513.300   109566.300
   195:   111909.100   111909.500   111955.300   113553.100   114375.100
   200:   116385.100   116385.500   116445.300   116529.300   116562.300
   205:   117814.100   117892.300   118896.100   119621.100   120700.300
   210:   121337.200   121514.100   121599.300   122942.100   123024.300
   215:   125083.100   125083.500   125148.300   125154.300   125292.300
   220:   127318.100   127318.500   127369.300   127492.300   128717.100
   225:   130432.100   131611.100   132947.100   134463.100   136225.100
   230:   139318.100   139318.500   139376.300   139379.300   141904.100
   235:   141904.500   141967.300   141974.300   146242.100   146242.500
   240:   146295.300   146298.300   148644.100   148644.500   148708.300
   245:   148897.300   148938.300   150656.100   150656.500   150723.300
   250:   150859.300   150938.300   150953.300   152695.100   152695.500
   255:   152746.300   152890.300   152933.300   152961.300   155532.100
   260:   155532.500   155578.300   157544.100   157544.500   157605.300
   265:   159052.100   159099.100   161386.100   161386.500   161443.300
   270:   161583.300   161649.300   161681.300   162923.100   164763.100
   275:   166509.100   167674.100   168974.100   170862.100   170929.300
   280:   172446.100   174431.100   176263.100   179621.100   179621.500
   285:   179683.300   179785.300   179805.300   179819.300   183269.100
   290:   183269.500   183330.300   186543.100   186543.500   186592.300
   295:   186766.300   186826.300   188598.100   188598.500   188655.300
   300:   190673.100   190673.500   190728.300   190820.300   191732.100
   305:   194587.100   194587.500   194655.300   194864.300   196876.100
   310:   196876.500   196932.300   197061.300   197120.300   197144.300
   315:   199621.100   199621.500   199680.300   201766.100   201766.500
   320:   201814.300   201929.300   201931.300   202895.100   206045.100
   325:   206045.500   206096.300   206239.300   207932.100   210693.100
   330:   210693.500   210751.300   211004.300   211289.300   212645.100
   335:   215194.100   215194.500   215230.100   215297.300   215420.300
   340:   217928.100   217928.500   217982.300   217989.300   218166.300
   345:   222155.100   222155.500   222216.300   222220.300   222362.300
   350:   222393.300   224487.100   224487.500   224544.300   224547.300
   355:   224736.300   224766.300   226257.100   226730.300   226758.300
   360:   228424.100   228424.500   228488.300   228660.300   228686.300
   365:   228757.300   230264.100   232271.100   232271.500   232323.300
   370:   232437.300   232509.300   232554.300   235054.100   235054.500
   375:   235100.300   235268.300   238435.100   238435.500   238486.300
   380:   242187.100   242187.500   242237.300   242338.300   242363.300
   385:   244520.100   244520.500   244569.300   247437.100   247437.500
   390:   247488.300   247641.300   247667.300   248936.100   251840.100
   395:   251840.500   251899.300   252015.300   252033.300   253196.100
   400:   255926.100   255926.500   255991.300   256112.300   256148.300
   405:   258510.100   258510.500   258556.300   258734.300   260159.100
   410:   262147.100   265142.100   265142.500   265190.300   265193.300
   415:   265297.300   265303.300   265318.300   265350.300   265357.300
   420:   266739.100   269859.100   269859.500   269917.300   270180.300
   425:   271165.100   273253.100   273253.500   273321.300   273461.300
   430:   273490.300   273500.300   275823.100   275823.500   275883.300
   435:   275993.300   276025.300   276119.300   277293.100   277334.100
   440:   280032.100   280032.500   280080.300   280083.300   280192.300
   445:   281463.100   282982.100   286053.100   286053.500   286107.300
   450:   286254.300   287746.100   289305.100   292085.100   292085.500
   455:   292136.300   292139.300   293810.100   294288.300   295195.300
   460:   297329.100   297329.500   297380.300   300067.100   300067.500
   465:   300121.300   300243.300   301974.100   302344.100   304439.100
   470:   304439.500   304500.300   305886.100   306980.100   308295.100
   475:   311010.100   311010.500   311058.300   311126.300   311160.300
   480:   312364.100   314890.100   314890.500   314935.300   319954.100
   485:   319954.500   320040.300   323314.100   323314.500   323365.300
   490:   325328.100   325328.500   325391.300   327861.100   327861.500
   495:   327907.300   328018.300   328118.300   328152.300   328187.300
   500:   329365.100   331550.100   331550.500   331611.300   331717.300
   505:   333381.100   335214.100   336703.100   339229.100   339229.500
   510:   339285.300   339288.300   339375.300   339405.300   341166.100
   515:   344502.100   344502.500   344547.300   344706.300   344769.300
   520:   346066.100   348062.100   350467.100   350467.500   350511.300
   525:   350514.300   350688.300   350780.300   350808.300   352757.200
   530:   352963.100   352963.500   353019.300   353162.300   353199.300
   535:   353234.300   355407.100   355407.500   355479.300   355638.300
   540:   357062.100   359703.100   359703.500   359770.300   359987.300


Start Date: 04/05/25
End Date: 04/05/25
Subject: IM3
Experiment: DD5
Group: M_LO
Box: 7
Start Time: 13:11:00
End Time: 14:45:44
MSN: DRL20_60MIN_WEP
A:     188.000
B:       2.000
D:      78.000
E:       0.000
F:       0.000
G:       0.000
H:       0.000
I:       0.000
J:  360000.000
K:       0.000
L:       0.000
M:       0.000
N:     342.000
O:       0.000
P:       0.000
Q:       0.000
R:      78.000
S:       0.000
T:       0.000
U:       0.000
V:       0.000
W:       0.000
X:       0.000
Y:       0.000
Z:     610.000
C:
     0:        0.000      188.000        2.000        0.000      342.000
     5:       78.000        0.000        0.000        0.000        0.000
    10:        0.000     1540.100     2879.300     3042.100     3131.100
    15:     5860.100     5860.500     6069.100     9384.100     9384.500
    20:     9454.300     9562.300     9570.300    10026.300    12373.100
    25:    12373.500    12430.300    12549.300    13285.100    13358.300
    30:    13366.300    14408.100    15918.100    16986.300    17090.300
    35:    17174.100    18436.100    18523.300    18533.300    18859.300
    40:    20194.300    20269.300    20383.100    20453.300    22739.100
    45:    22739.500    22810.300    23020.300    24034.300    24085.300
    50:    24153.100    24326.100    27955.100    27955.500    28018.300
    55:    29114.100    30548.300    30595.300    31058.300    31112.300
    60:    31810.100    31810.500    31864.300    31870.300    34248.100
    65:    34248.500    34303.300    35141.300    35148.300    35200.300
    70:    36386.300    36405.300    36440.300    36560.100    36560.500
    75:    36618.300    38755.100    38755.500    38798.300    38803.300
    80:    39858.300    39971.300    39978.300    40155.100    40208.300
    85:    41350.100    41486.300    41511.300    41656.100    44095.300
    90:    44133.300    44214.100    44214.500    44271.300    44411.300
    95:    44779.300    44798.300    44940.100    45010.300    46142.100
   100:    48331.100    48331.500    48392.300    48569.300    49091.300
   105:    49116.300    49707.100    49764.300    50046.300    51729.100
   110:    51729.500    51783.300    53452.100    53505.300    53849.100
   115:    54715.300    54776.300    54977.100    55077.300    55227.300
   120:    57164.300    57170.300    57324.100    57324.500    57375.300
   125:    57380.300    59541.100    59541.500    59597.300    59907.300
   130:    61266.100    61318.300    61513.100    61563.100    61626.300
   135:    62119.100    62195.300    63019.300    63062.300    63869.100
   140:    63918.300    64015.300    64970.300    65148.100    65215.300
   145:    65370.300    67129.100    67189.300    68541.100    69527.100
   150:    70207.300    71074.100    71370.300    71904.100    71974.300
   155:    71981.300    72524.300    72660.300    72748.300    72751.300
   160:    73594.300    73601.300    74921.100    74921.500    74970.300
   165:    78101.100    78101.500    78164.300    78787.300    78901.300
   170:    79640.300    79747.300    79897.300    80028.300    80073.300
   175:    80210.300    80213.300    80271.300    80330.300    83092.100
   180:    83092.500    83147.300    83152.300    85742.100    85742.500
   185:    85811.300    85976.300    89846.100    89846.500    89906.300
   190:    91742.300    91819.300    91824.300    91951.100    91951.500
   195:    92008.300    92014.300    92413.300    92463.300    94814.100
   200:    94814.500    94871.300    94878.300    95841.100    95907.300
   205:    95923.300    95930.300    95998.300    96424.300    96452.300
   210:    97954.100    97954.500    98014.300    98509.300    98712.100
   215:    98790.300    98807.300    99097.300   100310.100   103447.100
   220:   103447.500   103509.300   104088.200   104272.300   104375.100
   225:   105671.300   105767.100   107107.300   107175.300   107268.100
   230:   108483.300   108516.300   108533.300   108653.100   108733.300
   235:   109488.100   110704.300   110793.300   110826.300   113131.100
   240:   113131.500   113205.300   113213.300   113380.300   113393.300
   245:   116505.100   116505.500   116570.300   116575.300   118245.300
   250:   118305.300   120173.100   120173.500   120237.300   120240.300
   255:   122129.100   122192.100   122258.300   122483.300   122619.100
   260:   125269.100   125269.500   125335.300   127709.100   127709.500
   265:   127778.300   131017.100   131017.500   131114.300   133998.100
   270:   133998.500   134071.300   136736.100   136736.500   136802.300
   275:   139398.100   139398.500   139461.300   140430.100   140653.300
   280:   140690.300   142046.100   142145.300   142278.300   143705.100
   285:   145126.300   145292.100   145363.300   148353.100   148353.500
   290:   148430.300   151904.100   151904.500   151971.300   153730.100
   295:   153794.300   155818.100   155818.500   155888.300   156661.100
   300:   157200.300   158187.300   158257.300   158504.100   158565.300
   305:   158735.100   162494.100   162494.500   162553.300   165016.100
   310:   165016.500   165092.300   165833.300   165993.100   167973.100
   315:   168033.100   170076.100   170076.500   170144.300   170350.300
   320:   171640.100   171810.300   171819.300   171846.300   171850.300
   325:   173283.100   174310.300   174395.300   174545.100   175566.100
   330:   178246.100   178246.500   178314.300   178320.300   179533.100
   335:   179859.300   182235.100   182235.500   182300.300   182411.300
   340:   183636.100   183785.300   183830.300   184084.300   184148.300
   345:   187264.100   187264.500   187323.300   187493.300   188298.100
   350:   190832.300   190843.300   190862.300   190889.300   190986.100
   355:   190986.500   191055.300   191941.100   194150.300   194208.300
   360:   194239.300   194352.100   194352.500   194448.300   196021.100
   365:   196155.300   196917.300   197282.300   197368.300   197408.300
   370:   197553.100   199210.100   201043.100   201130.300   203949.100
   375:   203949.500   204016.300   204021.300   204246.300   204284.300
   380:   208001.100   208001.500   208064.300   210563.100   210563.500
   385:   210639.300   210788.300   212200.200   212740.300   212816.300
   390:   212940.100   212940.500   213004.300   213202.300   215920.100
   395:   215920.500   215994.300   218294.100   218294.500   218354.300
   400:   218448.300   218452.300   219321.100   219420.300   219497.300
   405:   219952.100   220044.100   221869.300   221892.300   221940.300
   410:   221976.300   222148.100   222148.500   222221.300   224618.100
   415:   224618.500   224677.300   224682.300   226860.100   226860.500
   420:   226956.300   228264.100   230019.300   230023.300   230063.300
   425:   230085.300   230168.100   230337.300   232179.100   232179.500
   430:   232249.300   232343.300   233591.100   234508.300   235327.300
   435:   235357.300   235488.100   235588.300   235733.300   236576.100
   440:   239350.300   239390.300   239485.100   239485.500   239546.300
   445:   239620.300   241371.100   243174.100   244112.100   244234.300
   450:   245359.300   245366.300   245393.300   245432.300   245520.100
   455:   247059.300   247115.300   247260.300   247415.300   247450.300
   460:   247499.300   247749.100   247749.500   247787.100   247842.300
   465:   247977.300   250015.100   250015.500   250086.300   251525.100
   470:   253318.100   254125.300   255402.100   255402.500   255468.300
   475:   256904.100   258516.300   258530.300   258540.300   258666.100
   480:   258735.300   258803.300   260227.300   260260.300   260403.100
   485:   262020.100   264184.100   264184.500   264247.300   265770.300
   490:   265932.100   268396.300   268445.300   268600.100   268600.500
   495:   268671.300   270175.300   270236.300   270339.100   270427.300
   500:   272837.100   272837.500   272898.300   274466.100   277518.300
   505:   277537.300   277644.100   277644.500   277713.300   278789.100
   510:   281174.300   281291.100   281291.500   281354.300   281470.300
   515:   282794.300   282917.100   286279.100   286279.500   286356.300
   520:   286419.300   286498.300   288003.100   289109.300   289138.300
   525:   289232.100   291282.300   291332.300   291459.100   291459.500
   530:   291526.300   291715.300   291724.300   293660.100   293660.500
   535:   293735.300   293878.300   294947.300   295096.100   295165.300
   540:   295171.300   296681.100   299692.100   299692.500   299743.300
   545:   299822.300   301606.100   308792.100   308792.500   308876.300
   550:   310811.300   310945.100   310945.500   311011.300   311996.100
   555:   315951.100   315951.500   316017.300   316151.300   318393.100
   560:   318393.500   318462.300   318623.300   318712.300   319223.100
   565:   322165.100   322165.500   322231.300   324504.300   324596.100
   570:   324596.500   324667.300   326644.100   326644.500   326710.300
   575:   329177.100   329177.500   329266.300   331740.300   331762.300
   580:   331791.300   331895.100   331895.500   331953.300   331956.300
   585:   332197.300   332270.300   332286.300   333738.100   334986.100
   590:   337474.100   337474.500   337534.300   339185.100   339271.300
   595:   339331.300   341128.100   342885.100   344388.100   344763.300
   600:   344859.100   348518.300   348570.300   348656.100   348656.500
   605:   348728.300   349199.100   351071.300   351118.300   351182.100
   610:   352636.100   354232.100   354320.300   354376.300   355367.100
   615:   357470.300   357596.100   357596.500   357654.300   357659.300
   620:   357903.300


Start Date: 04/05/25
End Date: 04/05/25
Subject: IM5
Experiment: DD5
Group: S_HI
Box: 1
Start Time: 13:58:35
End Time: 14:59:08
MSN: DRL20_60MIN_WEP
A:     128.000
B:       1.000
D:      48.000
E:       0.000
F:       0.000
G:       0.000
H:       0.000
I:       0.000
J:  360000.000
K:       0.000
L:       0.000
M:       0.000
N:     129.000
O:       0.000
P:       0.000
Q:       0.000
R:      48.000
S:       0.000
T:       0.000
U:       0.000
V:       0.000
W:       0.000
X:       0.000
Y:       0.000
Z:     306.000
C:
     0:        0.000      128.000        1.000        0.000      129.000
     5:       48.000        0.000        0.000        0.000        0.000
    10:        0.000     1288.300     1303.300     1357.100     1994.300
    15:     2686.100     2905.200     5392.100     5392.500     5458.300
    20:     5651.300     5752.300     5876.300     5889.300     6027.300
    25:     6173.100     6901.100     6970.300     8260.100     8731.300
    30:     9346.100     9416.300     9420.300     9699.300     9843.100
    35:    11984.100    11984.500    12041.300    13160.100    15748.100
    40:    15748.500    15796.300    15942.300    15964.300    16014.300
    45:    17055.100    17125.100    17979.300    18106.100    18892.100
    50:    18919.100    21366.100    21366.500    21422.300    22975.300
    55:    23051.100    23112.300    23118.300    25452.100    25452.500
    60:    25499.300    26477.300    26560.100    26627.300    27572.100
    65:    27644.100    28651.100    30480.100    32336.300    32355.300
    70:    32436.100    34605.100    34605.500    34661.300    34853.300
    75:    34905.300    34971.300    34978.300    35257.300    35311.300
    80:    35412.100    35470.300    35642.100    35706.300    36414.100
    85:    40541.100    40541.500    40591.300    41376.100    42375.100
    90:    44620.100    44620.500    44670.300    45438.100    46486.100
    95:    46644.100    48007.300    48091.100    49293.100    50239.100
   100:    50277.100    52193.300    52290.100    52290.500    52339.300
   105:    53261.100    53292.100    53348.300    54993.100    56518.100
   110:    59530.100    59530.500    59578.300    59721.300    60443.100
   115:    60974.100    62570.300    62611.300    62889.100    64800.100
   120:    65647.300    65859.100    66979.100    67532.100    70214.100
   125:    70214.500    70274.300    72933.100    72933.500    72994.300
   130:    74267.100    76124.100    77229.300    77254.300    77343.100
   135:    79156.100    82216.100    82216.500    82271.300    82423.300
   140:    82427.300    83747.100    83826.300    84775.100    85758.300
   145:    85765.300    85774.300    85830.100    86016.300    87846.100
   150:    87846.500    87903.300    88019.300    89476.100    89546.100
   155:    92419.100    92419.500    92475.300    94417.300    94496.100
   160:    94496.500    94545.300    96733.300    96799.100    96799.500
   165:    96853.300    97617.300    97730.100    99029.100    99112.300
   170:   100488.100   102062.100   103568.100   104152.300   104171.300
   175:   104302.100   105295.100   106265.100   107446.300   109165.300
   180:   109363.100   109363.500   109413.300   109549.300   110369.100
   185:   112284.100   113233.100   113936.100   114650.100   117474.100
   190:   117474.500   117541.300   118628.100   119934.100   121508.300
   195:   121618.100   124117.100   124117.500   124172.300   129990.100
   200:   129990.500   130044.300   132325.100   132325.500   132378.300
   205:   132525.300   134882.100   134882.500   134941.300   137748.100
   210:   137748.500   137799.300   137804.300   138758.300   139876.100
   215:   139876.500   139943.300   140442.300   142231.100   142231.500
   220:   142290.300   144831.100   144831.500   144888.300   145764.100
   225:   146657.100   150834.100   150834.500   150898.300   151732.300
   230:   152583.100   154241.100   154255.100   155135.100   157379.100
   235:   157379.500   157442.300   157557.300   157702.300   157945.300
   240:   157990.300   159219.100   160548.100   163128.300   163230.100
   245:   163230.500   163288.300   163536.300   163705.100   165020.100
   250:   166429.300   166505.100   168530.100   168530.500   168599.300
   255:   171836.100   171836.500   171899.300   172724.300   174280.100
   260:   174280.500   174338.300   174342.300   181577.100   181577.500
   265:   181643.300   185083.100   185083.500   185160.300   190734.100
   270:   190734.500   190813.300   195073.100   195073.500   195153.300
   275:   198462.100   198462.500   198530.300   204124.100   204124.500
   280:   204218.300   206631.100   206631.500   206704.300   206709.300
   285:   212744.100   212744.500   212815.300   212979.300   215832.100
   290:   215832.500   215897.300   218715.100   218715.500   218782.300
   295:   218787.300   222645.100   222645.500   222712.300   222717.300
   300:   224754.100   224754.500   224825.300   224830.300   228278.100
   305:   228278.500   228366.300   228506.300   228576.300   230348.100
   310:   230348.500   230430.300   230437.300   234832.100   234832.500
   315:   234904.300   235037.100


Start Date: 04/05/25
End Date: 04/05/25
Subject: IM6
Experiment: DD5
Group: M_HI
Box: 2
Start Time: 13:58:50
End Time: 14:59:08
MSN: DRL20_60MIN_WEP
A:     198.000
B:       0.000
D:      72.000
E:       0.000
F:       0.000
G:       0.000
H:       0.000
I:       0.000
J:  360000.000
K:       0.000
L:       0.000
M:       0.000
N:     232.000
O:       0.000
P:       0.000
Q:       0.000
R:      72.000
S:       0.000
T:       0.000
U:       0.000
V:       0.000
W:       0.000
X:       0.000
Y:       0.000
Z:     502.000
C:
     0:        0.000      198.000        0.000        0.000      232.000
     5:       72.000        0.000        0.000        0.000        0.000
    10:        0.000       94.100      466.100     1597.300     1630.300
    15:     2188.300     2212.300     2409.100     3811.100     6485.100
    20:     6485.500     6571.300     9920.100     9920.500     9970.300
    25:    11103.100    13798.100    13798.500    13862.300    13987.300
    30:    15336.100    16271.100    23807.100    23807.500    23868.300
    35:    24450.300    26332.100    26332.500    26373.300    28059.100
    40:    29145.300    29237.100    31041.100    31934.100    33388.100
    45:    34105.100    38034.300    38043.300    38051.300    38090.300
    50:    38214.100    38214.500    38268.300    38388.300    39487.100
    55:    41947.100    41947.500    41996.300    42069.300    42544.100
    60:    42766.100    43410.300    43573.300    43606.300    43722.300
    65:    43872.300    44057.100    45803.300    45834.300    46062.100
    70:    46062.500    46122.300    46214.300    47441.100    48804.100
    75:    49539.100    49639.300    50077.300    51759.100    51759.500
    80:    51809.300    52748.100    52900.300    54020.100    54168.300
    85:    55517.100    57957.100    57957.500    58007.300    58107.300
    90:    60233.100    60233.500    60275.300    60371.300    60694.100
    95:    61136.100    62110.100    63293.300    63311.300    63567.100
   100:    66365.100    66365.500    66411.300    66666.300    66703.300
   105:    66711.300    66826.100    67657.100    67849.300    67914.300
   110:    68051.100    69619.100    69732.300    70751.100    72054.300
   115:    72082.300    72195.100    72335.300    75101.100    75101.500
   120:    75149.300    76485.100    76756.100    79149.300    79216.100
   125:    79216.500    79260.300    79344.300    80811.100    82607.100
   130:    84165.100    84204.100    84353.300    85693.100    85850.300
   135:    87560.100    87690.300    89275.100    89981.100    90026.300
   140:    90036.300    91647.100    93334.100    93459.300    94870.100
   145:    94957.300    95051.300    96509.100    97614.100   100027.100
   150:   100027.500   100105.300   100192.300   101354.300   102790.100
   155:   102790.500   102851.300   105390.100   105390.500   105442.300
   160:   105535.300   105608.300   106560.100   107833.100   107951.300
   165:   110552.100   110552.500   110603.300   110662.300   113044.100
   170:   113044.500   113105.300   113174.300   114638.100   114828.300
   175:   114916.300   114953.300   116775.100   116775.500   116822.300
   180:   117808.300   118808.100   118808.500   118859.300   118984.300
   185:   119956.100   120147.300   121185.100   121318.300   121331.300
   190:   121405.300   122661.100   122864.300   122976.300   124302.100
   195:   125413.100   128966.300   129048.100   129048.500   129098.300
   200:   129187.300   130848.100   131007.300   131031.300   133050.100
   205:   133050.500   133152.300   133259.300   133300.300   134667.100
   210:   134770.300   134775.300   134807.300   135729.100   137317.100
   215:   141101.100   141101.500   141150.300   143453.100   143453.500
   220:   143506.300   143621.300   144352.100   144440.300   145293.100
   225:   147416.100   147416.500   147465.300   147541.300   147571.300
   230:   148335.100   150317.100   150489.300   151640.100   153606.100
   235:   154809.100   154946.300   158209.100   158209.500   158256.300
   240:   158324.300   158346.300   162343.100   162343.500   162392.300
   245:   162585.300   163919.100   166107.100   166107.500   166152.300
   250:   166229.300   166248.300   167852.100   167963.100   170266.100
   255:   170266.500   170319.300   170497.300   171149.100   172853.100
   260:   173927.100   175637.100   176947.100   177909.100   180751.100
   265:   180751.500   180809.300   180969.300   183024.300   183088.100
   270:   183088.500   183131.300   186067.100   186067.500   186115.300
   275:   187263.100   189508.100   189508.500   189573.300   190325.100
   280:   192694.100   192694.500   192743.300   192929.300   196104.100
   285:   196104.500   196161.300   196335.300   196342.300   198299.100
   290:   198299.500   198352.300   201664.100   201664.500   201712.300
   295:   201799.300   201818.300   204073.100   204073.500   204131.300
   300:   204347.300   205066.100   205912.100   207814.100   208236.100
   305:   208374.300   208430.300   208451.300   208457.300   210613.100
   310:   210613.500   210658.300   210820.300   213994.100   213994.500
   315:   214058.300   214213.300   215105.100   215243.300   216926.100
   320:   218324.100   218422.300   219980.100   221328.100   223481.100
   325:   223481.500   223540.300   223690.300   225410.100   227980.100
   330:   227980.500   228028.300   228127.300   228155.300   228169.300
   335:   230369.100   230369.500   230454.300   230538.300   230552.300
   340:   230561.300   232107.100   233463.100   233683.300   233691.300
   345:   233774.300   235668.100   235668.500   235715.300   235792.300
   350:   235817.300   237566.100   237692.300   239327.100   239475.300
   355:   240619.100   240712.300   242314.100   242376.300   242381.300
   360:   244185.100   245879.100   247548.100   249023.100   249140.300
   365:   251470.100   251470.500   251516.300   251679.300   251691.300
   370:   253291.100   253399.300   253934.100   255770.100   258158.100
   375:   258158.500   258272.300   259700.100   261437.100   263218.100
   380:   264598.100   266511.100   269347.100   269347.500   269396.300
   385:   271655.100   271655.500   271723.300   271726.300   271879.300
   390:   275239.100   275239.500   275291.300   275378.300   277719.100
   395:   277719.500   277767.300   280843.100   280843.500   280925.300
   400:   280928.300   281535.100   282817.100   284695.100   286959.100
   405:   286959.500   287005.300   287267.300   290085.100   290085.500
   410:   290137.300   292950.100   292950.500   292995.300   295035.100
   415:   295035.500   295079.300   295245.300   297360.100   297360.500
   420:   297411.300   297508.300   297551.300   298968.100   301320.100
   425:   301320.500   301396.300   301500.300   304140.100   304140.500
   430:   304196.300   305667.100   306430.300   306655.300   306954.300
   435:   307009.300   308549.100   308549.500   308607.300   308706.300
   440:   308752.300   310085.100   311684.100   314124.100   314124.500
   445:   314208.300   314320.300   316382.100   316382.500   316425.300
   450:   318998.100   318998.500   319043.300   319128.300   322199.100
   455:   322199.500   322251.300   322895.300   323829.100   323955.300
   460:   325283.100   327327.100   327327.500   327377.300   327460.300
   465:   329381.100   329381.500   329620.300   329629.300   329741.300
   470:   330726.100   330861.300   332939.100   332939.500   332992.300
   475:   333173.300   334662.100   334813.300   336386.100   338162.100
   480:   338280.300   338288.300   338783.100   338856.300   338880.300
   485:   342043.100   342043.500   342095.300   343190.100   344186.100
   490:   345046.100   345516.100   347222.100   347338.300   347400.300
   495:   349380.100   349380.500   349424.300   349492.300   349505.300
   500:   349539.300   350943.100   353251.100   353251.500   353346.300
   505:   355790.100   355790.500   355841.300   358702.100   358702.500
   510:   358856.300   358935.300   358963.300


Start Date: 04/05/25
End Date: 04/05/25
Subject: IM7
Experiment: DD5
Group: M_LO
Box: 3
Start Time: 13:59:54
End Time: 15:19:53
MSN: DRL20_60MIN_WEP
A:     158.000
B:      15.000
D:      99.000
E:       0.000
F:       0.000
G:       0.000
H:       0.000
I:       0.000
J:  360000.000
K:       0.000
L:       0.000
M:       0.000
N:     490.000
O:       0.000
P:       0.000
Q:       0.000
R:      99.000
S:       0.000
T:       0.000
U:       0.000
V:       0.000
W:       0.000
X:       0.000
Y:       0.000
Z:     762.000
C:
     0:        0.000      158.000       15.000        0.000      490.000
     5:       99.000        0.000        0.000        0.000        0.000
    10:        0.000      827.200      999.100     3989.300     4195.100
    15:     4195.500     4258.300     4444.300     4490.300     5404.100
    20:     5450.300     5621.300     6842.200     6981.300     7055.100
    25:     8637.100     9540.300    10245.300    10293.300    10374.100
    30:    13058.100    13058.500    13100.300    13225.300    13258.300
    35:    13316.300    13334.300    13345.300    13352.300    15128.100
    40:    15128.500    15186.300    15332.300    15359.300    16520.300
    45:    17964.100    17964.500    18020.300    18188.300    18225.300
    50:    18231.300    18251.300    18268.300    18400.300    19580.100
    55:    21316.300    21398.100    23641.100    23641.500    23690.300
    60:    23757.300    23769.300    24632.300    26092.100    26092.500
    65:    26165.300    26172.300    26266.300    26298.300    26305.300
    70:    26355.300    26386.300    27070.300    27095.300    27274.200
    75:    27610.100    31253.100    31253.500    31316.300    31539.300
    80:    31578.300    31627.300    31664.300    31767.300    33194.100
    85:    34960.100    37246.300    37257.300    37375.100    37375.500
    90:    37425.300    37634.300    37655.300    37688.300    39196.100
    95:    42230.100    42230.500    42300.100    42362.300    42457.300
   100:    45707.300    45811.100    45811.500    45859.300    45960.300
   105:    48222.100    48222.500    48274.300    48407.300    48465.300
   110:    48540.300    50201.300    51140.300    51255.100    51255.500
   115:    51313.300    51430.300    51441.300    51552.300    55242.100
   120:    55242.500    55297.300    55375.300    55388.300    55404.300
   125:    57694.100    57694.500    57743.300    57880.300    57900.300
   130:    57907.300    57914.300    57941.300    58982.300    59033.300
   135:    59946.100    59946.500    60005.300    61855.300    62773.300
   140:    62844.100    62844.500    62903.300    63155.300    63180.300
   145:    63210.300    63257.300    63931.100    67648.100    67648.500
   150:    67698.300    67771.300    67865.100    68691.300    69912.100
   155:    69912.500    69967.300    70119.300    70128.300    70187.300
   160:    70209.300    70248.300    71525.100    73424.300    73432.300
   165:    74492.100    74492.500    74542.300    74640.300    75452.300
   170:    77642.100    77642.500    77686.300    77814.300    77851.300
   175:    77895.300    79668.100    79668.500    79723.300    79804.300
   180:    81022.300    81036.300    81055.300    81179.100    84477.300
   185:    84485.300    84589.100    84589.500    84639.300    84746.300
   190:    84757.300    84813.300    85539.300    87125.100    87125.500
   195:    87176.300    87340.300    87347.300    87371.300    89795.300
   200:    89856.100    89856.500    89897.300    89899.300    92150.300
   205:    92163.300    92256.100    92256.500    92302.300    92404.300
   210:    95068.300    95160.100    95160.500    95211.300    95358.300
   215:    95966.300    97302.100    97302.500    97355.300    97429.300
   220:    97441.300   100033.300   100122.100   100122.500   100172.300
   225:   101796.300   103713.100   103713.500   103775.300   103898.300
   230:   103931.300   103979.300   103984.300   107547.300   107621.100
   235:   107621.500   107663.300   107750.300   107848.100   109105.300
   240:   109123.300   109134.300   109147.300   109176.300   109256.100
   245:   109317.300   110571.300   110667.100   110740.300   110761.300
   250:   113280.300   113392.100   113392.500   113437.300   113661.300
   255:   113680.300   113768.300   116961.300   117068.100   117068.500
   260:   117117.300   117240.300   117284.300   117322.300   117375.300
   265:   118614.300   118657.300   118687.300   118720.300   118731.300
   270:   120206.300   120301.100   120301.500   120352.300   120405.300
   275:   120430.300   120485.300   120504.300   122065.100   123191.300
   280:   124445.100   124445.500   124506.300   124605.300   124614.300
   285:   125646.300   127044.100   127044.500   127088.300   127248.300
   290:   127283.300   127324.300   127370.300   127450.300   128970.300
   295:   129086.100   129086.500   129145.300   129223.300   131507.100
   300:   131507.500   131570.300   131753.300   131790.300   131839.300
   305:   131900.300   134185.300   134296.100   134296.500   134357.300
   310:   134430.300   134488.300   134522.300   134545.300   138406.300
   315:   138411.300   138420.300   138532.100   138532.500   138578.300
   320:   138656.300   138664.300   140277.300   140307.300   140407.100
   325:   141515.300   141607.100   142681.300   143748.100   143748.500
   330:   143806.300   143905.300   143923.300   143988.300   146573.300
   335:   146658.100   146658.500   146708.300   146896.300   146921.300
   340:   146933.300   147015.300   147056.300   147118.300   149189.100
   345:   149189.500   149241.300   149388.300   149840.100   150842.300
   350:   152832.100   152832.500   152893.300   153008.300   153039.300
   355:   153058.300   153151.300   153245.300   153265.300   155321.100
   360:   155321.500   155385.300   155551.300   155584.300   155638.300
   365:   156891.300   156955.300   158479.100   158479.500   158539.300
   370:   158661.300   158690.300   158725.300   158750.300   160768.100
   375:   160768.500   160833.300   160894.300   160937.300   162552.100
   380:   162677.300   165355.100   165355.500   165408.300   167636.100
   385:   167636.500   167686.300   167778.300   168943.300   168999.300
   390:   170064.100   170064.500   170100.100   170141.300   172248.100
   395:   172248.500   172305.300   172389.300   172466.300   174263.300
   400:   174346.100   174346.500   174403.300   174510.300   174536.300
   405:   174578.300   174586.300   174622.300   176245.100   176338.300
   410:   178037.300   178929.300   180230.100   180230.500   180313.300
   415:   180367.300   180378.300   180437.300   180447.300   180548.300
   420:   182554.100   182554.500   182617.300   184947.100   184947.500
   425:   184999.300   186837.300   188114.100   188114.500   188163.300
   430:   188291.300   188308.300   188339.300   189692.300   189702.300
   435:   189713.300   189833.100   190905.300   190931.300   192271.100
   440:   192271.500   192326.300   192416.300   192438.300   192448.300
   445:   192504.300   192530.300   194867.100   194867.500   194920.300
   450:   194983.300   195014.300   196541.100   197198.200   198214.300
   455:   198241.300   198278.300   199448.100   199448.500   199498.300
   460:   201703.300   201707.300   201790.100   201790.500   201847.300
   465:   201946.300   202016.300   203379.100   203440.300   205584.100
   470:   205584.500   205627.300   205712.300   205729.300   208414.300
   475:   208500.100   208500.500   208550.300   208674.300   208692.300
   480:   208785.300   210440.100   211866.300   211941.300   212040.100
   485:   212109.300   212124.300   212149.300   213416.300   213551.100
   490:   214689.300   214708.300   215447.100   216379.300   216428.300
   495:   217638.100   217638.500   217698.300   217860.300   219609.300
   500:   220956.100   220956.500   220994.300   221081.300   221149.300
   505:   222288.300   222318.300   222349.300   222391.300   223947.100
   510:   223947.500   223988.300   224046.300   224054.300   224060.300
   515:   226992.300   227096.100   227096.500   227140.300   227220.300
   520:   230325.100   230325.500   230385.300   231470.100   233170.300
   525:   233197.300   233315.100   237811.300   237900.100   237900.500
   530:   237966.300   238043.300   238059.300   238071.300   238159.300
   535:   238183.300   240472.100   240472.500   240531.300   240691.300
   540:   240707.300   240737.300   240785.300   240866.300   240889.300
   545:   240983.300   241086.300   243655.100   243655.500   243738.300
   550:   245310.100   245354.100   245413.100   246816.300   246924.100
   555:   247031.300   247039.300   247076.300   247081.300   247087.300
   560:   248423.100   249174.300   251551.100   251551.500   251619.300
   565:   251716.300   253238.300   253245.300   253259.300   254597.100
   570:   254597.500   254656.300   254704.300   254744.300   255669.300
   575:   255707.300   255821.100   258096.300   258168.300   258256.100
   580:   258256.500   258318.300   258424.300   258560.300   258801.100
   585:   258858.100   261351.100   261351.500   261429.300   261517.300
   590:   262389.300   262575.300   264272.100   264272.500   264366.300
   595:   264467.300   264478.300   264487.300   264531.300   265425.300
   600:   265471.300   265553.100   268305.100   268305.500   268368.300
   605:   268460.300   268487.300   270546.300   272146.100   272146.500
   610:   272216.300   272356.300   276239.100   276239.500   276304.300
   615:   276413.300   276442.300   276455.300   276493.300   277712.300
   620:   278999.100   278999.500   279066.300   279156.300   279179.300
   625:   279198.300   281140.300   281156.300   281263.100   281263.500
   630:   281336.300   281439.300   281451.300   281465.300   281492.300
   635:   281997.200   282042.200   282067.200   282115.200   282175.200
   640:   283643.300   283664.300   283759.100   283759.500   283821.300
   645:   284319.100   284359.100   284413.100   286685.300   286741.100
   650:   286741.500   286788.300   288370.100   290029.300   290039.300
   655:   290054.300   290199.100   290267.300   292552.100   292552.500
   660:   292632.300   292721.300   292727.300   292801.300   292829.300
   665:   293301.100   296278.100   296278.500   296327.300   296394.300
   670:   296443.300   300785.100   300785.500   300855.300   300979.300
   675:   300991.300   302558.100   302772.200   304563.300   304589.300
   680:   304734.100   304734.500   304823.300   304959.300   306224.300
   685:   307744.100   307744.500   307816.300   307939.300   310292.100
   690:   310292.500   310354.300   310510.300   313411.100   313411.500
   695:   313460.300   315901.300   316018.100   316018.500   316064.300
   700:   316152.300   316223.300   319142.300   319257.100   319257.500
   705:   319315.300   321288.100   321288.500   321343.300   321717.300
   710:   322785.300   322937.100   325665.300   325755.100   325755.500
   715:   325814.300   325917.300   325963.300   327071.300   327083.300
   720:   327176.100   329057.300   329074.300   329150.300   329191.300
   725:   329255.100   329255.500   329328.300   331921.300   332014.100
   730:   332014.500   332062.300   332105.300   332415.100   336550.300
   735:   336641.100   336641.500   336687.300   336779.300   336788.300
   740:   338428.300   338539.100   338622.100   344814.100   344814.500
   745:   344866.300   345034.300   345038.300   345047.300   345049.300
   750:   348014.300   348161.100   348161.500   348224.300   350137.100
   755:   350209.300   350271.300   350390.100   353560.100   353560.500
   760:   353611.300   353671.300   353690.300   354277.200   354381.200
   765:   354407.200   354491.200   354832.300   355272.200   355529.100
   770:   358603.100   358603.500   358661.300


Start Date: 04/05/25
End Date: 04/05/25
Subject: IM8
Experiment: DD5
Group: M_HI
Box: 4
Start Time: 14:00:13
End Time: 15:19:53
MSN: DRL20_60MIN_WEP
A:     124.000
B:       0.000
D:      56.000
E:       0.000
F:       0.000
G:       0.000
H:       0.000
I:       0.000
J:  360000.000
K:       0.000
L:       0.000
M:       0.000
N:     245.000
O:       0.000
P:       0.000
Q:       0.000
R:      56.000
S:       0.000
T:       0.000
U:       0.000
V:       0.000
W:       0.000
X:       0.000
Y:       0.000
Z:     425.000
C:
     0:        0.000      124.000        0.000        0.000      245.000
     5:       56.000        0.000        0.000        0.000        0.000
    10:        0.000     9831.100    38310.100    38310.500    38440.300
    15:    38489.300    38752.300    38775.300    39500.100    39601.300
    20:    39841.100    41169.100    41339.300    43157.100    45651.300
    25:    45761.100    45761.500    45863.300    46027.300    46101.300
    30:    46182.300    46286.300    48675.300    48769.100    48769.500
    35:    48848.300    48975.300    48987.300    50365.100    50487.300
    40:    50497.300    50509.300    50518.300    50650.100    56776.300
    45:    56865.300    56874.300    56957.100    56957.500    57041.300
    50:    57422.300    58082.100    59231.100    59371.300    61821.100
    55:    61821.500    61933.300    62843.100    62954.300    63231.100
    60:    63435.100    64658.100    67992.100    67992.500    68090.300
    65:    68271.300    68318.300    69301.100    69456.300    70129.100
    70:    70190.100    72020.100    72122.300    72128.300    72152.300
    75:    72202.300    72504.100    74368.100    74488.300    76458.100
    80:    76458.500    76569.300    76768.300    76806.300    78081.100
    85:    80263.100    80263.500    80368.300    80520.300    80568.300
    90:    80604.300    81300.100    82849.100    83001.300    84201.100
    95:    85888.100    85979.300    85987.300    87485.100    88143.100
   100:    91063.300    91114.300    91217.300    91527.300    91785.300
   105:    91854.300    91938.100    91938.500    92047.300    92249.300
   110:    92283.300    92355.300    92902.100    94626.100    94749.300
   115:    94754.300    94778.300   102377.100   102377.500   102469.300
   120:   102676.300   103045.100   104937.100   105035.300   105075.300
   125:   105507.100   115018.100   115018.500   115121.300   115150.300
   130:   115253.300   116088.100   120807.300   120882.100   120882.500
   135:   120966.300   121129.300   121157.300   121895.100   121977.300
   140:   123645.300   123713.100   123804.300   123819.300   127814.100
   145:   127814.500   127899.300   127904.300   128276.100   131989.100
   150:   131989.500   132100.300   132406.100   134742.100   134742.500
   155:   134838.300   135179.300   136070.100   140305.300   140432.100
   160:   140432.500   140521.300   140552.300   141476.100   141566.300
   165:   141623.300   142044.100   143711.100   143797.300   143840.300
   170:   145713.100   145713.500   145808.300   146001.300   146401.100
   175:   146558.100   148775.100   148775.500   148890.300   149092.300
   180:   149113.300   149217.300   149248.300   149637.100   151392.100
   185:   151501.300   152182.100   153763.100   153898.300   153932.300
   190:   153964.300   155024.100   158510.100   158510.500   158617.300
   195:   160914.100   160914.500   161024.300   165897.300   165924.300
   200:   166034.100   166034.500   166148.300   167679.100   168449.100
   205:   171890.300   171918.300   172044.100   172044.500   172165.300
   210:   174624.100   174624.500   174723.300   174882.300   176617.100
   215:   176715.300   185040.300   185135.100   185135.500   185221.300
   220:   186359.100   186490.300   188871.300   188975.100   188975.500
   225:   189069.300   189234.300   189256.300   189302.300   189314.300
   230:   189363.300   189370.300   189377.300   189452.300   192190.100
   235:   192190.500   192317.300   192368.300   197247.300   197290.300
   240:   197359.100   197359.500   197451.300   197645.300   197653.300
   245:   197661.300   198570.100   200019.300   200138.100   201528.100
   250:   204286.100   204286.500   204391.300   204622.300   204665.300
   255:   204676.300   212313.100   212313.500   212420.300   212606.300
   260:   212642.300   212651.300   213941.100   214063.300   218738.100
   265:   218738.500   218849.300   219166.300   219184.300   219262.300
   270:   221689.100   221689.500   221793.300   222000.300   222807.100
   275:   225516.100   225516.500   225608.300   226811.100   229838.300
   280:   229925.100   229925.500   230019.300   230023.300   230228.300
   285:   230301.300   230328.300   230376.300   230435.300   230501.300
   290:   232279.100   232279.500   232389.300   232563.300   232574.300
   295:   232628.300   232874.300   237970.100   237970.500   238085.300
   300:   238137.300   238440.300   241898.300   241928.300   242015.100
   305:   242015.500   242105.300   242233.300   243696.100   243797.300
   310:   245238.100   245341.300   248304.100   248304.500   248402.300
   315:   248608.300   248680.300   251321.100   251321.500   251434.300
   320:   251589.300   255592.300   255622.300   255721.100   255721.500
   325:   255849.300   256046.300   261628.300   261707.100   261707.500
   330:   261804.300   262017.300   262032.300   262045.300   262169.300
   335:   262878.100   262996.300   266782.300   266900.100   266900.500
   340:   267000.300   267173.300   267246.300   267280.300   267287.300
   345:   267300.300   268697.100   271947.100   271947.500   272054.300
   350:   272243.300   272278.300   272350.300   273957.100   273957.500
   355:   274076.300   274294.300   280358.300   280371.300   280396.300
   360:   280486.100   280486.500   280580.300   280869.300   280916.300
   365:   280972.300   281046.300   281615.100   287542.300   287713.100
   370:   287713.500   287813.300   287984.300   287995.300   298731.100
   375:   298731.500   298839.300   298934.300   300680.300   300786.100
   380:   300786.500   300879.300   301982.300   302437.100   302548.300
   385:   305767.300   305821.300   306024.100   306024.500   306127.300
   390:   306226.300   307242.100   309545.300   309702.100   309702.500
   395:   309796.300   310005.300   310131.300   311768.300   311873.100
   400:   311873.500   312033.300   312308.300   312314.300   313370.100
   405:   317422.100   317422.500   317520.300   318617.300   318736.100
   410:   319724.100   327748.300   327829.100   327829.500   327921.300
   415:   333412.300   333569.100   333569.500   333683.300   340063.300
   420:   340160.100   340160.500   340268.300   340543.300   340642.300
   425:   340749.300   351331.300   351362.300   351494.100   351494.500
   430:   351607.300   352655.300   352947.100   353085.300   359985.100
   435:   359985.500


Start Date: 04/05/25
End Date: 04/05/25
Subject: IM9
Experiment: DD5
Group: M_HI
Box: 5
Start Time: 14:46:12
End Time: 15:56:42
MSN: DRL20_60MIN_WEP
A:     134.000
B:       1.000
D:      95.000
E:       0.000
F:       0.000
G:       0.000
H:       0.000
I:       0.000
J:  360000.000
K:       0.000
L:       0.000
M:       0.000
N:     412.000
O:       0.000
P:       0.000
Q:       0.000
R:      95.000
S:       0.000
T:       0.000
U:       0.000
V:       0.000
W:       0.000
X:       0.000
Y:       0.000
Z:     642.000
C:
     0:        0.000      134.000        1.000        0.000      412.000
     5:       95.000        0.000        0.000        0.000        0.000
    10:        0.000    10284.100    10991.300    12620.100    12620.500
    15:    12715.300    12840.300    14434.100    14556.300    17699.100
    20:    17699.500    17784.300    17912.300    17918.300    18015.300
    25:    18956.100    19063.300    19167.300    21285.300    21391.100
    30:    21391.500    21487.300    21695.300    21746.300    21849.300
    35:    23012.100    23123.300    24773.300    24881.100    27398.100
    40:    27398.500    27516.300    27638.300    27729.300    29848.300
    45:    29886.300    29905.300    29988.100    29988.500    30100.300
    50:    30264.300    33430.100    33430.500    33520.300    33696.300
    55:    35767.100    35767.500    35892.300    35998.300    36034.300
    60:    36043.300    36097.300    37963.100    37963.500    38080.300
    65:    38084.300    38197.300    38213.300    38274.300    40662.100
    70:    40662.500    40776.300    40867.300    40910.300    41635.100
    75:    43421.300    43475.300    43580.100    43679.300    45269.100
    80:    45351.300    47364.100    47364.500    47474.300    47600.300
    85:    47640.300    50425.300    50431.300    50508.100    50508.500
    90:    50601.300    50606.300    50747.300    50757.300    50796.300
    95:    52873.300    52954.100    52954.500    53056.300    53150.300
   100:    54648.300    54716.300    54789.100    56609.300    56711.100
   105:    56774.300    56782.300    58111.300    58117.300    58267.300
   110:    58351.100    61075.100    61075.500    61167.300    61262.300
   115:    62741.100    62847.300    64316.100    64725.300    68548.100
   120:    68548.500    68636.300    68720.300    68728.300    70235.300
   125:    71426.100    71426.500    71534.300    71636.300    74416.100
   130:    74416.500    74541.300    74989.300    75074.300    76276.100
   135:    79564.300    79573.300    79638.100    79638.500    79724.300
   140:    79836.300    79902.300    81853.300    81885.300    81989.100
   145:    81989.500    82089.300    82197.300    83866.200    84975.100
   150:    84975.500    85090.300    85178.300    87475.100    87475.500
   155:    87591.300    87709.300    89523.100    89523.500    89653.300
   160:    89839.300    91141.100    91251.300    95337.300    95372.300
   165:    95395.300    95478.100    95478.500    95569.300    95573.300
   170:    95671.300    98895.100    98895.500    98989.300    99085.300
   175:   101878.100   101878.500   102005.300   102101.300   102106.300
   180:   104500.100   104500.500   104622.300   104687.300   104735.300
   185:   106581.300   106605.300   106733.100   106733.500   106838.300
   190:   106904.300   106949.300   107035.300   109991.100   109991.500
   195:   110105.300   110206.300   111495.100   112792.100   115294.100
   200:   115294.500   115308.100   115399.300   115550.300   115559.300
   205:   116855.100   116979.300   120218.100   120218.500   120312.300
   210:   120509.300   120572.300   122004.300   122027.300   122082.300
   215:   122113.300   122128.300   122184.100   122294.300   124787.100
   220:   124787.500   124884.300   125025.300   125031.300   128231.100
   225:   128231.500   128342.300   128430.300   130756.100   130756.500
   230:   130855.300   131018.300   131596.300   133137.100   133137.500
   235:   133248.300   133403.300   135479.100   135479.500   135593.300
   240:   135714.300   137762.300   137879.100   137879.500   137987.300
   245:   138130.300   140151.100   140151.500   140291.300   140384.300
   250:   140402.300   140437.300   140441.300   142515.100   142515.500
   255:   142658.300   142813.300   142860.300   144748.300   144772.300
   260:   144816.300   145001.100   145001.500   145138.300   145251.300
   265:   145690.300   145772.100   147211.300   147230.300   147435.100
   270:   149520.100   149520.500   149638.300   149786.300   149889.300
   275:   151175.300   151233.300   151299.100   151398.300   156289.300
   280:   156367.300   156437.100   156437.500   156542.300   156691.300
   285:   157634.100   159499.300   159521.300   159588.100   159733.300
   290:   161842.100   161842.500   161949.300   164375.300   164481.300
   295:   164512.300   164524.300   164596.100   164596.500   164698.300
   300:   164846.300   167798.100   167798.500   167939.300   168059.300
   305:   168099.300   170333.300   170422.100   170422.500   170548.300
   310:   170660.300   170718.300   175813.100   175813.500   175908.300
   315:   176011.300   176045.300   180710.100   180710.500   180828.300
   320:   182535.300   182567.300   182580.300   182668.100   182784.300
   325:   185333.100   185333.500   185442.300   185561.300   185585.300
   330:   188699.100   188699.500   188836.300   188978.300   189000.300
   335:   189085.300   192521.300   192555.300   192605.300   192676.100
   340:   192676.500   192780.300   192936.300   196506.100   196506.500
   345:   196621.300   196754.300   196759.300   198344.100   198398.100
   350:   198458.300   199696.100   200084.100   202331.300   202418.100
   355:   202418.500   202531.300   202636.300   205178.300   205299.100
   360:   205299.500   205405.300   205519.300   205557.300   207118.300
   365:   207157.300   207196.300   207219.300   207290.100   207382.300
   370:   211546.300   211551.300   211643.100   211643.500   211744.300
   375:   211827.300   211873.300   215629.100   215629.500   215737.300
   380:   215864.300   215919.300   215956.300   219231.100   219231.500
   385:   219358.300   219476.300   219826.100   222285.300   222406.100
   390:   222406.500   222547.300   222659.300   224541.100   224541.500
   395:   224651.300   224875.300   227156.100   227156.500   227261.300
   400:   227406.300   229500.100   229500.500   229629.300   229731.300
   405:   232633.100   232633.500   232750.300   232862.300   232907.300
   410:   232986.300   235906.300   236026.100   236026.500   236140.300
   415:   236278.300   239155.300   239190.300   239237.300   239306.100
   420:   239306.500   239420.300   239494.300   239500.300   239521.300
   425:   239569.300   239627.300   243182.300   243223.300   243267.300
   430:   243278.300   243365.100   243365.500   243496.300   243623.300
   435:   247692.100   247692.500   247806.300   247962.300   251089.100
   440:   251089.500   251211.300   251216.300   251325.300   251367.300
   445:   251378.300   251381.300   254340.100   254340.500   254448.300
   450:   254641.300   256630.300   256773.100   256773.500   256894.300
   455:   257003.300   257045.300   258574.100   262039.100   262039.500
   460:   262143.300   262257.300   262312.300   263293.100   264156.300
   465:   264356.300   264363.300   264386.300   264420.300   264509.300
   470:   267487.300   267513.300   267610.100   267610.500   267729.300
   475:   267734.300   267823.300   267846.300   267895.300   267926.300
   480:   272164.100   272164.500   272271.300   273295.100   273409.300
   485:   273801.300   275905.100   275905.500   276043.300   276199.300
   490:   277079.300   277127.300   277294.100   279491.100   279491.500
   495:   279596.300   279743.300   282236.300   282357.100   282357.500
   500:   282496.300   282616.300   282623.300   282635.300   282670.300
   505:   282800.300   284552.300   284707.100   284707.500   284824.300
   510:   284873.300   284910.300   288529.300   288537.300   288638.300
   515:   288741.100   288741.500   288876.300   288990.300   289330.300
   520:   291362.300   291384.300   291424.300   291559.100   291559.500
   525:   291687.300   291758.300   291778.300   291844.300   291876.300
   530:   293198.100   293354.300   293388.300   293438.300   296698.100
   535:   296698.500   296733.100   296877.300   301720.100   301720.500
   540:   301845.300   303867.300   303929.300   304034.100   304034.500
   545:   304145.300   304250.300   304289.300   304335.300   304615.300
   550:   305151.300   308543.100   308543.500   308678.300   308861.300
   555:   308869.300   308901.300   308920.300   310956.300   310965.300
   560:   310988.300   311171.100   311171.500   311332.300   311492.300
   565:   313566.100   313566.500   313710.300   316559.100   316559.500
   570:   316708.300   316819.300   316953.300   316979.300   319540.100
   575:   319540.500   319679.300   319801.300   319882.300   320025.300
   580:   324752.100   324752.500   324911.300   325023.300   325075.300
   585:   325255.300   325520.300   328299.100   328299.500   328449.300
   590:   328593.300   328796.300   330752.300   330874.100   330874.500
   595:   331026.300   331202.300   331217.300   331474.300   334818.100
   600:   334818.500   334942.300   335035.300   335039.300   335674.300
   605:   338539.100   338539.500   338659.300   338779.300   341866.100
   610:   341866.500   342015.300   342128.300   342159.300   342163.300
   615:   342677.300   342688.300   342725.300   342788.300   344314.100
   620:   344314.500   344451.300   344576.300   344586.300   344593.300
   625:   344783.300   344827.300   345665.300   345691.300   345736.300
   630:   345788.300   345853.300   346080.100   349467.300   349583.100
   635:   349583.500   349720.300   349828.300   349941.300   351816.100
   640:   351816.500   351922.300   352031.300   352571.300   355502.100
   645:   355502.500   355627.300   357835.100   357835.500   357959.300
   650:   358085.300   358123.300   358133.300


Start Date: 04/05/25
End Date: 04/05/25
Subject: IM10
Experiment: DD5
Group: S_HI
Box: 6
Start Time: 14:46:27
End Time: 15:56:42
MSN: DRL20_60MIN_WEP
A:      57.000
B:       2.000
D:      17.000
E:       0.000
F:       0.000
G:       0.000
H:       0.000
I:       0.000
J:  360000.000
K:       0.000
L:       0.000
M:       0.000
N:      75.000
O:       0.000
P:       0.000
Q:       0.000
R:      17.000
S:       0.000
T:       0.000
U:       0.000
V:       0.000
W:       0.000
X:       0.000
Y:       0.000
Z:     151.000
C:
     0:        0.000       57.000        2.000        0.000       75.000
     5:       17.000        0.000        0.000        0.000        0.000
    10:        0.000      275.300      447.300      712.300     1400.300
    15:     1492.300     1502.300     2069.300     2074.300     2289.300
    20:     2299.300     2491.300     2497.300     2584.300     2674.100
    25:     3224.300     5000.300     5337.300     5521.300     5931.300
    30:     6053.300     8263.100     8263.500     8298.300     8842.300
    35:     8977.300     9322.300    10172.300    10725.300    10789.300
    40:    10950.300    11242.300    11944.300    12975.100    12975.500
    45:    13020.300    13980.300    14236.100    14299.300    15379.100
    50:    15443.300    16636.100    17955.100    18253.100    18518.100
    55:    18814.300    19958.100    20020.100    21322.100    21384.100
    60:    21401.100    21515.100    22550.100    23691.100    24064.100
    65:    24474.100    24642.300    26853.100    26853.500    26901.300
    70:    27037.300    28030.100    29950.100    30581.300    30689.100
    75:    31229.200    31931.100    32852.100    32954.100    33647.100
    80:    33913.300    36648.100    36648.500    36713.300    36846.300
    85:    37817.100    38966.100    39322.100    39611.200    40256.300
    90:    41964.100    41964.500    42013.300    42102.300    42818.100
    95:    43394.100    44047.100    44116.300    45911.100    46665.100
   100:    48097.100    48182.300    53618.100    53618.500    53668.300
   105:    54598.100    56096.100    59008.100    59008.500    59069.300
   110:    59178.300    64399.300    64404.300    64627.100    64627.500
   115:    64689.300    64820.300    64838.300    65461.100    67891.300
   120:    67920.300    69324.300    74201.100    74201.500    74283.300
   125:    77468.100    77468.500    77536.300    77662.300    79368.100
   130:    79432.100    81468.100    81468.500    81537.300    81677.300
   135:    81741.300    83738.100    83738.500    83814.300    91136.100
   140:    91136.500    91189.300    99323.100    99323.500    99408.300
   145:    99540.300    99563.300   100773.100   107889.100   107889.500
   150:   107930.300   116518.100   116518.500   116564.300   116572.300
   155:   118266.100   127813.100   127813.500   127872.300   305488.300
   160:   305503.300   305526.300


Start Date: 04/05/25
End Date: 04/05/25
Subject: IM11
Experiment: DD5
Group: M_LO
Box: 7
Start Time: 14:46:44
End Time: 16:09:52
MSN: DRL20_60MIN_WEP
A:     264.000
B:       9.000
D:      49.000
E:       0.000
F:       0.000
G:       0.000
H:       0.000
I:       0.000
J:  360000.000
K:       0.000
L:       0.000
M:       0.000
N:     195.000
O:       0.000
P:       0.000
Q:       0.000
R:      49.000
S:       0.000
T:       0.000
U:       0.000
V:       0.000
W:       0.000
X:       0.000
Y:       0.000
Z:     517.000
C:
     0:        0.000      264.000        9.000        0.000      195.000
     5:       49.000        0.000        0.000        0.000        0.000
    10:        0.000       95.100      255.300     2726.100     2726.500
    15:     2777.300     2844.300     3547.200     3596.300     3672.100
    20:     4489.200     4531.300     4621.100     5730.100     8779.100
    25:     8779.500     8870.300     9009.300     9020.300     9086.300
    30:     9675.100     9986.100    10050.100    10953.300    11034.100
    35:    11133.100    11179.100    12405.100    12641.100    12763.300
    40:    12778.300    13795.100    15160.300    15221.300    15317.100
    45:    16169.100    17554.100    18889.100    18965.300    21461.100
    50:    21461.500    21524.300    21687.300    23061.100    24183.100
    55:    25602.100    28806.300    28874.100    28874.500    28926.300
    60:    28985.300    29130.300    29174.300    29519.100    30158.100
    65:    30222.100    31506.100    32765.100    34062.100    35951.100
    70:    36487.100    37221.100    37529.100    37611.300    38683.200
    75:    38750.300    38864.200    38919.300    39068.100    39919.100
    80:    40873.100    41078.300    42311.200    43003.100    43003.500
    85:    43057.300    43062.300    43173.300    43236.300    43324.300
    90:    43338.300    43966.100    44688.100    44706.100    44725.100
    95:    46057.100    47821.100    47903.300    50454.100    50454.500
   100:    50513.300    50518.300    50576.300    51286.100    52130.100
   105:    54494.100    54494.500    54555.300    54560.300    56514.100
   110:    56514.500    56570.300    58085.100    60197.100    60197.500
   115:    60252.300    60258.300    60307.300    60398.300    60409.300
   120:    60446.300    60528.300    61194.100    65348.100    65348.500
   125:    65398.300    65454.300    65641.100    66092.100    67503.100
   130:    69023.100    70964.100    71170.300    71185.300    73621.100
   135:    73621.500    73678.300    73842.300    73853.300    75548.100
   140:    77007.100    78384.100    80585.100    80585.500    80655.300
   145:    81803.100    84039.100    84039.500    84107.300    84142.300
   150:    84146.300    85197.100    86567.100    88309.100    89516.100
   155:    90304.100    90356.100    90794.100    92211.100    92258.100
   160:    94043.100    96293.100    96293.500    96348.300    98061.100
   165:   100719.100   100719.500   100801.300   100879.300   100895.300
   170:   101118.100   102867.100   105076.100   105076.500   105141.300
   175:   105217.300   105229.300   105230.300   105378.300   105408.300
   180:   105416.300   106317.100   107941.100   108814.100   110476.100
   185:   111506.100   111568.100   111652.300   112902.100   113788.100
   190:   114512.100   114754.300   115757.300   115796.300   115881.100
   195:   116637.100   117044.100   117554.300   118706.100   120739.100
   200:   120739.500   120795.300   120908.300   121976.100   122079.300
   205:   124516.100   124516.500   124577.300   124660.300   124674.300
   210:   124714.300   125718.100   127539.100   129124.100   129781.100
   215:   130695.100   130764.100   132410.100   132592.300   134145.100
   220:   134907.100   135776.100   136786.100   137210.300   138740.100
   225:   140930.100   140930.500   140994.300   141162.300   142808.100
   230:   144871.100   144871.500   144932.300   145014.300   146608.100
   235:   148140.100   150192.300   150281.100   150281.500   150337.300
   240:   150477.300   151351.100   152117.100   154576.100   154576.500
   245:   154639.300   154646.300   154681.300   154825.300   155553.100
   250:   157213.100   161091.100   161091.500   161150.300   161235.300
   255:   162150.100   163511.100   164276.100   165275.100   166467.100
   260:   168026.100   168115.300   168259.300   169912.100   172720.100
   265:   172720.500   172778.300   172828.300   172901.300   172909.300
   270:   174423.300   174467.300   174479.300   174554.100   175147.100
   275:   176472.300   176550.100   177248.100   178422.100   178554.300
   280:   179705.100   181422.100   182435.100   183459.100   183546.100
   285:   184488.100   184578.300   184675.300   186823.100   186823.500
   290:   186878.300   187005.300   187013.300   188476.100   190994.100
   295:   190994.500   191053.300   191199.300   192666.100   195094.100
   300:   195094.500   195154.300   195217.300   197055.100   199296.300
   305:   199303.300   199394.100   199394.500   199459.300   199536.300
   310:   201786.100   201786.500   201840.300   201916.300   202648.300
   315:   202810.100   204313.100   205518.100   206167.100   206842.100
   320:   207808.100   207944.300   208929.100   209047.200   209408.100
   325:   209448.100   209712.100   209827.100   210040.100   210087.100
   330:   210854.100   211436.100   212392.100   212500.300   213451.100
   335:   214500.100   216440.100   217237.300   217355.100   219234.100
   340:   220797.100   222814.300   222903.100   222903.500   222956.300
   345:   222962.300   224255.100   225911.100   227148.100   229275.100
   350:   229275.500   229339.300   230295.100   233416.100   233416.500
   355:   233443.100   233501.300   233658.300   238256.100   238256.500
   360:   238317.300   238379.300   238508.300   239667.100   240720.100
   365:   241806.100   244248.100   244248.500   244306.300   245123.100
   370:   246484.100   247541.100   248347.300   248381.300   248471.100
   375:   248718.200   250281.100   250828.100   251394.300   251408.300
   380:   251816.100   252797.100   254164.100   254359.100   254474.300
   385:   254565.300   256087.100   258196.300   258310.100   258310.500
   390:   258376.300   258457.300   259716.100   261864.100   261864.500
   395:   261923.300   261927.300   262052.300   263299.100   265495.300
   400:   265566.100   265566.500   265624.300   265679.300   265723.300
   405:   265780.300   267714.300   267793.100   267793.500   267847.300
   410:   269494.300   269581.100   269709.100   270660.100   271833.100
   415:   273158.300   273239.100   273380.300   274360.100   275327.100
   420:   276935.100   277567.100   278454.100   280816.100   280816.500
   425:   280881.300   281034.300   281880.100   283072.100   285417.100
   430:   285417.500   285473.300   286647.300   287097.100   288681.100
   435:   290459.100   290541.300   290601.300   292859.100   292859.500
   440:   292915.300   292971.300   293035.300   293042.300   294688.100
   445:   296493.100   298199.100   299612.100   300550.100   301282.100
   450:   302064.100   302529.100   302602.300   304579.100   304579.500
   455:   304634.300   304640.300   304774.300   305612.100   307326.100
   460:   310878.100   310878.500   310940.300   315024.100   315024.500
   465:   315084.300   315140.300   315149.300   316323.100   317667.300
   470:   317757.100   318901.300   319445.100   320424.100   321580.100
   475:   321626.100   321751.300   322084.100   322691.100   322994.200
   480:   323210.100   323462.100   324008.100   324606.300   325903.300
   485:   325961.300   326100.100   326100.500   326163.300   326268.300
   490:   327188.100   327572.200   327963.100   329185.100   329932.100
   495:   330253.300   331180.300   331261.300   331358.100   332764.100
   500:   334521.100   335498.100   337163.100   340223.100   340223.500
   505:   340283.300   341541.100   343871.100   343871.500   343925.300
   510:   344103.300   345698.100   347389.100   348979.100   350859.100
   515:   350888.100   353076.100   353076.500   353152.300   353289.300
   520:   353296.300   353338.300   353362.300   354907.100   357900.100
   525:   357900.500   357964.300   359536.100


Start Date: 04/05/25
End Date: 04/05/25
Subject: IM12
Experiment: DD5
Group: S_HI
Box: 8
Start Time: 14:46:58
End Time: 16:09:52
MSN: DRL20_60MIN_WEP
A:     179.000
B:       4.000
D:      42.000
E:       0.000
F:       0.000
G:       0.000
H:       0.000
I:       0.000
J:  360000.000
K:       0.000
L:       0.000
M:       0.000
N:     210.000
O:       0.000
P:       0.000
Q:       0.000
R:      42.000
S:       0.000
T:       0.000
U:       0.000
V:       0.000
W:       0.000
X:       0.000
Y:       0.000
Z:     435.000
C:
     0:        0.000      179.000        4.000        0.000      210.000
     5:       42.000        0.000        0.000        0.000        0.000
    10:        0.000      480.300      505.300      618.100     1797.100
    15:     2708.300     2823.100     3214.200     5024.300     5036.300
    20:    16374.100    16374.500    16467.100    16571.100    16658.300
    25:    16661.300    16902.300    17234.100    17971.100    18040.300
    30:    18064.300    18830.300    18883.300    18889.300    18906.300
    35:    19729.300    19815.100    21014.100    21088.300    21805.100
    40:    22681.100    22743.300    24299.100    24360.300    25189.300
    45:    25192.300    25551.100    25615.300    27076.300    27180.100
    50:    27249.300    27257.300    27268.300    27870.100    27938.300
    55:    28430.100    28486.300    29127.300    29392.300    29506.100
    60:    29569.300    29621.300    30012.100    30778.300    30861.100
    65:    30906.100    32078.100    32164.100    32277.100    32320.300
    70:    32841.100    33275.100    33327.300    34395.300    34473.100
    75:    35702.100    35761.300    37163.300    37237.100    38999.100
    80:    39053.300    40378.100    41513.100    42153.100    44484.100
    85:    44484.500    44564.300    44736.300    44747.300    44999.100
    90:    46189.100    46247.300    46265.300    47199.100    47265.300
    95:    48462.100    48511.300    48529.300    49351.200    49794.100
   100:    49967.200    51175.100    51237.300    52277.100    52349.300
   105:    54043.100    54100.300    54715.100    54779.300    54789.300
   110:    56359.100    56428.300    56654.100    57445.100    59229.100
   115:    63039.100    63039.500    63096.300    63114.300    63476.200
   120:    63588.100    64423.100    65262.300    69578.300    69627.300
   125:    69701.100    69701.500    69747.300    69753.300    70918.100
   130:    71988.100    72038.300    73823.100    74596.100    75193.100
   135:    76331.100    77375.100    77423.300    77433.300    78571.100
   140:    79634.100    80808.100    81873.100    84551.100    84551.500
   145:    84614.300    85139.100    85634.100    86801.300    87369.100
   150:    87530.300    87545.300    88106.100    88168.300    88879.100
   155:    89763.100    90243.300    90546.100    90607.300    91918.100
   160:    93279.100    95394.300    95475.100    95475.500    95537.300
   165:    96628.300    96821.100    99076.300    99218.300    99249.300
   170:    99252.300    99395.100    99395.500    99464.300    99875.300
   175:   100116.100   101062.100   101741.300   101754.300   101840.100
   180:   101937.300   102441.100   103366.300   103536.100   103614.300
   185:   104847.300   104873.300   104962.100   105040.300   105063.300
   190:   107290.100   107290.500   107348.300   107819.100   109044.100
   195:   110855.100   111642.300   112468.300   112647.100   113517.100
   200:   114539.300   114605.100   115497.300   115611.100   117000.100
   205:   118553.300   118594.300   118707.100   119233.100   119829.300
   210:   119862.300   119991.100   120671.100   122263.300   122324.100
   215:   125585.100   125585.500   125647.300   125797.300   125839.300
   220:   126490.100   126620.300   127852.100   128596.300   129606.100
   225:   129683.300   131758.100   131758.500   131834.300   132541.100
   230:   132634.300   133845.300   134651.100   134651.500   134712.300
   235:   135757.100   135838.300   136741.100   137446.300   139191.300
   240:   139261.100   139261.500   139326.300   140668.100   140736.300
   245:   141004.300   142019.300   142091.100   142177.300   142185.300
   250:   142819.100   143817.300   143860.300   143972.100   144805.300
   255:   144859.300   144892.300   144983.100   146475.100   147303.100
   260:   147978.100   148985.300   149039.300   150224.100   150224.500
   265:   150296.300   150866.100   151883.300   151960.300   152133.100
   270:   155648.100   155648.500   155725.300   155731.300   156748.100
   275:   158048.100   159039.300   159189.100   159526.300   159540.300
   280:   160327.300   160780.100   162161.100   162244.300   162255.300
   285:   163459.100   178800.300   178942.100   178942.500   179041.300
   290:   181221.100   181221.500   181295.300   188337.100   188337.500
   295:   188407.300   188577.300   190366.100   190366.500   190437.300
   300:   191215.100   191312.300   191332.300   191341.300   191738.100
   305:   193143.100   193235.300   196042.100   196042.500   196123.300
   310:   196874.100   196989.300   197859.100   200029.100   200029.500
   315:   200103.300   200912.100   201934.100   203349.300   203363.300
   320:   203399.300   203492.100   205142.100   210668.300   210672.300
   325:   210761.100   210761.500   210825.300   210830.300   211878.100
   330:   213329.300   213406.100   214550.300   216008.300   216040.300
   335:   216151.100   216151.500   216228.300   216584.300   216632.300
   340:   218035.100   218113.300   220915.300   220983.100   220983.500
   345:   221043.300   221048.300   224620.300   224688.100   224688.500
   350:   224752.300   226637.100   228630.100   229978.100   230055.300
   355:   231521.100   234053.300   234147.100   234147.500   234220.300
   360:   240122.100   240122.500   240197.300   240450.300   242893.100
   365:   242893.500   242960.300   242966.300   244463.100   246168.100
   370:   246232.300   264548.100   264548.500   264614.300   273614.300
   375:   279596.300   279676.100   279676.500   279735.300   280079.300
   380:   286444.100   286444.500   286510.300   287101.300   287451.100
   385:   297267.300   297338.100   297338.500   297400.300   302882.100
   390:   302882.500   302957.300   305199.300   309455.100   309455.500
   395:   309546.300   310899.100   311007.300   313755.100   313755.500
   400:   313985.300   313992.300   315288.300   315488.100   319990.100
   405:   319990.500   320066.300   320069.300   321582.100   324038.100
   410:   324038.500   324151.300   326675.300   326799.100   326799.500
   415:   326875.300   329124.100   329124.500   329203.300   330081.300
   420:   330173.300   330422.100   332045.100   333148.100   333224.300
   425:   333231.300   334282.100   335483.100   335584.300   335595.300
   430:   338651.100   338651.500   338726.300   343243.100   343243.500
   435:   343314.300   349177.100   349177.500   349261.300   349281.300
   440:   350735.100   354118.100   354118.500   354215.300   354352.300
   445:   354371.300
